2 0.879167 0.489583 0.116667 0.165833
8 0.127083 0.237500 0.155833 0.201667
8 0.872917 0.757500 0.155833 0.203333
1 0.492500 0.098750 0.181667 0.082500
1 0.512500 0.888750 0.178333 0.082500
2 0.127917 0.498333 0.117500 0.168333
0 0.498750 0.493750 0.339167 0.155833
4 0.189167 0.556250 0.040000 0.040833
5 0.189167 0.557500 0.038333 0.043333
10 0.30773300000000003 0.11975 0.191017 0.187
11 0.689767 0.11975 0.191017 0.187
12 0.11671600000000004 0.30674999999999997 0.191017 0.187
13 0.30773300000000003 0.30674999999999997 0.191017 0.187
14 0.49875 0.21324999999999997 0.191017 0.187
15 0.689767 0.30674999999999997 0.191017 0.187
16 0.880784 0.30674999999999997 0.191017 0.187
16 0.11671600000000004 0.6807500000000001 0.191017 0.187
15 0.30773300000000003 0.6807500000000001 0.191017 0.187
14 0.49875 0.7742500000000001 0.191017 0.187
13 0.689767 0.6807500000000001 0.191017 0.187
12 0.880784 0.6807500000000001 0.191017 0.187
11 0.30773300000000003 0.8677500000000001 0.191017 0.187
10 0.689767 0.8677500000000001 0.191017 0.187
