8 0.127500 0.236667 0.155000 0.200000
2 0.877500 0.489167 0.116667 0.165000
2 0.125417 0.498333 0.117500 0.168333
8 0.873333 0.756667 0.156667 0.203333
1 0.491667 0.101667 0.181667 0.085000
1 0.512500 0.888333 0.178333 0.083333
0 0.497083 0.492917 0.340833 0.155833
4 0.619583 0.359583 0.052500 0.052500
10 0.306250 0.119167 0.190833 0.186667
11 0.687917 0.119167 0.190833 0.186667
12 0.115000 0.305833 0.191667 0.186667
13 0.306250 0.305833 0.190833 0.186667
14 0.497083 0.212500 0.190833 0.186667
16 0.879167 0.305833 0.191667 0.186667
16 0.115000 0.680000 0.191667 0.186667
15 0.306250 0.680000 0.190833 0.186667
14 0.497083 0.773333 0.190833 0.186667
13 0.687917 0.680000 0.190833 0.186667
12 0.879167 0.680000 0.191667 0.186667
11 0.306250 0.867083 0.190833 0.187500
10 0.687917 0.867083 0.190833 0.187500
