2 0.876667 0.490000 0.116667 0.166667
8 0.126250 0.237500 0.154167 0.200000
8 0.872917 0.757500 0.155833 0.203333
1 0.512083 0.890833 0.179167 0.081667
1 0.491250 0.098750 0.182500 0.082500
0 0.496250 0.493333 0.339167 0.155000
2 0.124167 0.500417 0.116667 0.167500
4 0.638750 0.670833 0.049167 0.048333
5 0.640417 0.671667 0.057500 0.048333
5 0.667917 0.666250 0.027500 0.024167
10 0.30523300000000003 0.119333 0.191017 0.187
11 0.6872670000000001 0.119333 0.191017 0.187
12 0.11421600000000004 0.30633299999999997 0.191017 0.187
13 0.30523300000000003 0.30633299999999997 0.191017 0.187
14 0.49625 0.21283299999999997 0.191017 0.187
15 0.6872670000000001 0.30633299999999997 0.191017 0.187
16 0.8782840000000001 0.30633299999999997 0.191017 0.187
16 0.11421600000000004 0.680333 0.191017 0.187
15 0.30523300000000003 0.680333 0.191017 0.187
14 0.49625 0.773833 0.191017 0.187
12 0.8782840000000001 0.680333 0.191017 0.187
11 0.30523300000000003 0.867333 0.191017 0.187
10 0.6872670000000001 0.867333 0.191017 0.187
