2 0.878333 0.489583 0.116667 0.167500
8 0.127083 0.237083 0.155833 0.200833
8 0.872917 0.757083 0.155833 0.202500
1 0.492083 0.099167 0.182500 0.083333
0 0.498750 0.493333 0.340833 0.156667
1 0.511667 0.888750 0.176667 0.080833
2 0.125833 0.499167 0.116667 0.166667
4 0.229167 0.369167 0.040000 0.040000
10 0.307917 0.119167 0.190833 0.186667
11 0.689583 0.119167 0.190833 0.186667
12 0.116667 0.306250 0.191667 0.187500
14 0.498750 0.212917 0.190833 0.187500
15 0.689583 0.306250 0.190833 0.187500
16 0.880833 0.306250 0.191667 0.187500
16 0.116667 0.680417 0.191667 0.187500
15 0.307917 0.680417 0.190833 0.187500
14 0.498750 0.773750 0.190833 0.187500
13 0.689583 0.680417 0.190833 0.187500
12 0.880833 0.680417 0.191667 0.187500
11 0.307917 0.867500 0.190833 0.186667
10 0.689583 0.867500 0.190833 0.186667
