8 0.872500 0.757083 0.156667 0.207500
8 0.126667 0.237500 0.153333 0.200000
2 0.877083 0.487917 0.117500 0.165833
0 0.499583 0.493750 0.337500 0.155833
1 0.512500 0.891667 0.180000 0.083333
1 0.492083 0.097083 0.182500 0.082500
2 0.125833 0.499583 0.118333 0.167500
3 0.326667 0.170000 0.026667 0.026667
5 0.299583 0.250833 0.049167 0.053333
4 0.300417 0.251250 0.047500 0.050833
10 0.308566 0.11975 0.191017 0.187
11 0.6906 0.11975 0.191017 0.187
12 0.11754900000000001 0.30674999999999997 0.191017 0.187
14 0.499583 0.21324999999999997 0.191017 0.187
15 0.6906 0.30674999999999997 0.191017 0.187
16 0.881617 0.30674999999999997 0.191017 0.187
16 0.11754900000000001 0.6807500000000001 0.191017 0.187
15 0.308566 0.6807500000000001 0.191017 0.187
14 0.499583 0.7742500000000001 0.191017 0.187
13 0.6906 0.6807500000000001 0.191017 0.187
12 0.881617 0.6807500000000001 0.191017 0.187
11 0.308566 0.8677500000000001 0.191017 0.187
10 0.6906 0.8677500000000001 0.191017 0.187
