8 0.125833 0.236250 0.153333 0.200833
8 0.870833 0.755833 0.155000 0.205000
0 0.497500 0.492083 0.333333 0.155833
2 0.122500 0.498750 0.116667 0.165833
2 0.874167 0.487083 0.116667 0.165833
1 0.511667 0.891250 0.178333 0.082500
1 0.490833 0.095000 0.180000 0.080000
5 0.941250 0.490833 0.040833 0.051667
10 0.306250 0.117917 0.190833 0.187500
11 0.688750 0.117917 0.190833 0.187500
12 0.115417 0.305000 0.190833 0.186667
13 0.306250 0.305000 0.190833 0.186667
14 0.497500 0.211667 0.191667 0.186667
15 0.688750 0.305000 0.190833 0.186667
16 0.879583 0.305000 0.190833 0.186667
16 0.115417 0.679167 0.190833 0.186667
15 0.306250 0.679167 0.190833 0.186667
14 0.497500 0.772500 0.191667 0.186667
13 0.688750 0.679167 0.190833 0.186667
12 0.879583 0.679167 0.190833 0.186667
11 0.306250 0.865833 0.190833 0.186667
10 0.688750 0.865833 0.190833 0.186667
6 0.949167 0.488750 0.025000 0.034167
