8 0.871250 0.758333 0.155833 0.203333
8 0.125833 0.238333 0.153333 0.201667
2 0.876667 0.490000 0.118333 0.165000
0 0.496250 0.494583 0.330833 0.154167
1 0.510417 0.894167 0.179167 0.080000
1 0.489583 0.102917 0.179167 0.087500
2 0.124167 0.501250 0.116667 0.167500
5 0.060833 0.499583 0.040000 0.057500
10 0.30523300000000003 0.12058299999999997 0.191017 0.187
11 0.6872670000000001 0.12058299999999997 0.191017 0.187
12 0.11421600000000004 0.30758299999999994 0.191017 0.187
13 0.30523300000000003 0.30758299999999994 0.191017 0.187
14 0.49625 0.21408299999999994 0.191017 0.187
15 0.6872670000000001 0.30758299999999994 0.191017 0.187
16 0.8782840000000001 0.30758299999999994 0.191017 0.187
16 0.11421600000000004 0.6815829999999999 0.191017 0.187
15 0.30523300000000003 0.6815829999999999 0.191017 0.187
14 0.49625 0.775083 0.191017 0.187
13 0.6872670000000001 0.6815829999999999 0.191017 0.187
12 0.8782840000000001 0.6815829999999999 0.191017 0.187
11 0.30523300000000003 0.868583 0.191017 0.187
10 0.6872670000000001 0.868583 0.191017 0.187
