2 0.878750 0.490417 0.115833 0.165833
8 0.872917 0.757500 0.154167 0.201667
8 0.126250 0.237500 0.155833 0.201667
1 0.491250 0.100833 0.184167 0.085000
1 0.513750 0.887500 0.179167 0.085000
0 0.496250 0.493750 0.339167 0.155833
2 0.126250 0.500417 0.119167 0.172500
4 0.177500 0.488750 0.040000 0.040833
10 0.30523300000000003 0.11975 0.191017 0.187
11 0.6872670000000001 0.11975 0.191017 0.187
12 0.11421600000000004 0.30674999999999997 0.191017 0.187
13 0.30523300000000003 0.30674999999999997 0.191017 0.187
14 0.49625 0.21324999999999997 0.191017 0.187
15 0.6872670000000001 0.30674999999999997 0.191017 0.187
16 0.8782840000000001 0.30674999999999997 0.191017 0.187
16 0.11421600000000004 0.6807500000000001 0.191017 0.187
15 0.30523300000000003 0.6807500000000001 0.191017 0.187
14 0.49625 0.7742500000000001 0.191017 0.187
13 0.6872670000000001 0.6807500000000001 0.191017 0.187
12 0.8782840000000001 0.6807500000000001 0.191017 0.187
11 0.30523300000000003 0.8677500000000001 0.191017 0.187
10 0.6872670000000001 0.8677500000000001 0.191017 0.187
