8 0.872917 0.757083 0.157500 0.207500
0 0.496250 0.494583 0.339167 0.155833
2 0.877500 0.488333 0.118333 0.165000
1 0.512500 0.887500 0.180000 0.090000
1 0.490000 0.100000 0.178333 0.088333
2 0.125417 0.500417 0.117500 0.167500
5 0.167500 0.216667 0.045000 0.046667
4 0.167500 0.216250 0.043333 0.044167
10 0.30523300000000003 0.12058299999999997 0.191017 0.187
11 0.6872670000000001 0.12058299999999997 0.191017 0.187
13 0.30523300000000003 0.30758299999999994 0.191017 0.187
14 0.49625 0.21408299999999994 0.191017 0.187
15 0.6872670000000001 0.30758299999999994 0.191017 0.187
16 0.8782840000000001 0.30758299999999994 0.191017 0.187
16 0.11421600000000004 0.6815829999999999 0.191017 0.187
15 0.30523300000000003 0.6815829999999999 0.191017 0.187
14 0.49625 0.775083 0.191017 0.187
13 0.6872670000000001 0.6815829999999999 0.191017 0.187
12 0.8782840000000001 0.6815829999999999 0.191017 0.187
11 0.30523300000000003 0.868583 0.191017 0.187
10 0.6872670000000001 0.868583 0.191017 0.187
