8 0.872500 0.757500 0.156667 0.203333
8 0.126667 0.236250 0.153333 0.200833
2 0.877917 0.489583 0.115833 0.165833
2 0.126667 0.498750 0.116667 0.167500
1 0.490833 0.098750 0.180000 0.080833
1 0.512500 0.892917 0.176667 0.077500
0 0.497083 0.493750 0.327500 0.155833
4 0.576250 0.352917 0.040833 0.039167
10 0.306066 0.11975 0.191017 0.187
11 0.6880999999999999 0.11975 0.191017 0.187
12 0.11504900000000001 0.30674999999999997 0.191017 0.187
13 0.306066 0.30674999999999997 0.191017 0.187
14 0.497083 0.21324999999999997 0.191017 0.187
15 0.6880999999999999 0.30674999999999997 0.191017 0.187
16 0.8791169999999999 0.30674999999999997 0.191017 0.187
16 0.11504900000000001 0.6807500000000001 0.191017 0.187
15 0.306066 0.6807500000000001 0.191017 0.187
14 0.497083 0.7742500000000001 0.191017 0.187
13 0.6880999999999999 0.6807500000000001 0.191017 0.187
12 0.8791169999999999 0.6807500000000001 0.191017 0.187
11 0.306066 0.8677500000000001 0.191017 0.187
10 0.6880999999999999 0.8677500000000001 0.191017 0.187
