8 0.874167 0.758333 0.155000 0.201667
2 0.878750 0.489583 0.115833 0.165833
8 0.126250 0.237500 0.154167 0.198333
1 0.512917 0.886667 0.177500 0.085000
1 0.491250 0.101250 0.180833 0.085833
2 0.125833 0.500417 0.116667 0.167500
0 0.500417 0.493750 0.332500 0.154167
4 0.202083 0.396667 0.040833 0.043333
10 0.3094 0.11975 0.191017 0.187
11 0.691434 0.11975 0.191017 0.187
13 0.3094 0.30674999999999997 0.191017 0.187
14 0.500417 0.21324999999999997 0.191017 0.187
15 0.691434 0.30674999999999997 0.191017 0.187
16 0.882451 0.30674999999999997 0.191017 0.187
16 0.11838300000000002 0.6807500000000001 0.191017 0.187
15 0.3094 0.6807500000000001 0.191017 0.187
14 0.500417 0.7742500000000001 0.191017 0.187
13 0.691434 0.6807500000000001 0.191017 0.187
12 0.882451 0.6807500000000001 0.191017 0.187
11 0.3094 0.8677500000000001 0.191017 0.187
10 0.691434 0.8677500000000001 0.191017 0.187
