2 0.125000 0.498333 0.116667 0.168333
8 0.125833 0.236250 0.155000 0.197500
2 0.876667 0.486667 0.116667 0.165000
8 0.871667 0.755833 0.155000 0.198333
1 0.487917 0.094167 0.179167 0.081667
1 0.512083 0.892500 0.177500 0.078333
0 0.496250 0.490833 0.335833 0.156667
4 0.687500 0.365833 0.046667 0.048333
10 0.30523300000000003 0.11683299999999999 0.191017 0.187
11 0.6872670000000001 0.11683299999999999 0.191017 0.187
12 0.11421600000000004 0.303833 0.191017 0.187
13 0.30523300000000003 0.303833 0.191017 0.187
14 0.49625 0.21033300000000002 0.191017 0.187
16 0.8782840000000001 0.303833 0.191017 0.187
16 0.11421600000000004 0.677833 0.191017 0.187
15 0.30523300000000003 0.677833 0.191017 0.187
14 0.49625 0.771333 0.191017 0.187
13 0.6872670000000001 0.677833 0.191017 0.187
12 0.8782840000000001 0.677833 0.191017 0.187
11 0.30523300000000003 0.8648330000000001 0.191017 0.187
10 0.6872670000000001 0.8648330000000001 0.191017 0.187
