8 0.125833 0.237083 0.153333 0.199167
2 0.126667 0.498750 0.118333 0.169167
2 0.877500 0.488333 0.116667 0.166667
1 0.513750 0.889167 0.179167 0.083333
8 0.872917 0.757500 0.155833 0.201667
1 0.491250 0.101250 0.179167 0.085833
0 0.493333 0.493750 0.341667 0.154167
5 0.780417 0.565417 0.035833 0.050833
5 0.770833 0.590000 0.033333 0.045000
10 0.30231600000000003 0.11975 0.191017 0.187
11 0.68435 0.11975 0.191017 0.187
12 0.11129900000000004 0.30674999999999997 0.191017 0.187
13 0.30231600000000003 0.30674999999999997 0.191017 0.187
14 0.493333 0.21324999999999997 0.191017 0.187
15 0.68435 0.30674999999999997 0.191017 0.187
16 0.875367 0.30674999999999997 0.191017 0.187
16 0.11129900000000004 0.6807500000000001 0.191017 0.187
15 0.30231600000000003 0.6807500000000001 0.191017 0.187
14 0.493333 0.7742500000000001 0.191017 0.187
13 0.68435 0.6807500000000001 0.191017 0.187
12 0.875367 0.6807500000000001 0.191017 0.187
11 0.30231600000000003 0.8677500000000001 0.191017 0.187
10 0.68435 0.8677500000000001 0.191017 0.187
