8 0.874167 0.757917 0.156667 0.202500
2 0.877500 0.489583 0.115000 0.165833
8 0.126667 0.238333 0.153333 0.200000
2 0.125417 0.498750 0.115833 0.167500
1 0.491250 0.097500 0.179167 0.080000
1 0.513333 0.892917 0.176667 0.079167
0 0.498333 0.493750 0.335000 0.154167
4 0.239167 0.339583 0.041667 0.040833
10 0.30731600000000003 0.11975 0.191017 0.187
11 0.68935 0.11975 0.191017 0.187
12 0.11629900000000004 0.30674999999999997 0.191017 0.187
14 0.498333 0.21324999999999997 0.191017 0.187
15 0.68935 0.30674999999999997 0.191017 0.187
16 0.880367 0.30674999999999997 0.191017 0.187
16 0.11629900000000004 0.6807500000000001 0.191017 0.187
15 0.30731600000000003 0.6807500000000001 0.191017 0.187
14 0.498333 0.7742500000000001 0.191017 0.187
13 0.68935 0.6807500000000001 0.191017 0.187
12 0.880367 0.6807500000000001 0.191017 0.187
11 0.30731600000000003 0.8677500000000001 0.191017 0.187
10 0.68935 0.8677500000000001 0.191017 0.187
