8 0.873750 0.757500 0.155833 0.201667
2 0.877917 0.488750 0.115833 0.164167
1 0.489583 0.098333 0.180833 0.083333
1 0.513333 0.892917 0.176667 0.079167
2 0.126250 0.499583 0.115833 0.167500
8 0.126667 0.235833 0.153333 0.196667
0 0.497917 0.493750 0.334167 0.155833
4 0.130417 0.333333 0.035833 0.036667
10 0.3069 0.11975 0.191017 0.187
11 0.6889339999999999 0.11975 0.191017 0.187
12 0.11588300000000001 0.30674999999999997 0.191017 0.187
13 0.3069 0.30674999999999997 0.191017 0.187
14 0.497917 0.21324999999999997 0.191017 0.187
15 0.6889339999999999 0.30674999999999997 0.191017 0.187
16 0.8799509999999999 0.30674999999999997 0.191017 0.187
16 0.11588300000000001 0.6807500000000001 0.191017 0.187
15 0.3069 0.6807500000000001 0.191017 0.187
14 0.497917 0.7742500000000001 0.191017 0.187
13 0.6889339999999999 0.6807500000000001 0.191017 0.187
12 0.8799509999999999 0.6807500000000001 0.191017 0.187
11 0.3069 0.8677500000000001 0.191017 0.187
10 0.6889339999999999 0.8677500000000001 0.191017 0.187
