8 0.873750 0.757500 0.155833 0.203333
8 0.126250 0.237500 0.152500 0.200000
2 0.878333 0.489583 0.115000 0.165833
1 0.491250 0.099583 0.180833 0.082500
2 0.125833 0.498750 0.116667 0.167500
1 0.515000 0.885000 0.178333 0.088333
0 0.496667 0.493750 0.333333 0.154167
4 0.362500 0.310417 0.046667 0.049167
10 0.30565000000000003 0.11975 0.191017 0.187
11 0.687684 0.11975 0.191017 0.187
12 0.11463300000000004 0.30674999999999997 0.191017 0.187
14 0.496667 0.21324999999999997 0.191017 0.187
15 0.687684 0.30674999999999997 0.191017 0.187
16 0.878701 0.30674999999999997 0.191017 0.187
16 0.11463300000000004 0.6807500000000001 0.191017 0.187
15 0.30565000000000003 0.6807500000000001 0.191017 0.187
14 0.496667 0.7742500000000001 0.191017 0.187
13 0.687684 0.6807500000000001 0.191017 0.187
12 0.878701 0.6807500000000001 0.191017 0.187
11 0.30565000000000003 0.8677500000000001 0.191017 0.187
10 0.687684 0.8677500000000001 0.191017 0.187
